Insertion Sort Project

Some questions on the array: [22, 27, 16, 2, 18, 6] -> Insertion Sort

1.Insertion Sort Steps
22<27; [22, 27, 16, 2, 18, 6]

16<27; [22, 16, 27, 2, 18, 6]
16<22; [16, 22, 27, 2, 18, 6]

2<27; [16, 22, 2, 27, 18, 6]
2<22; [16, 2, 22, 27, 18, 6]
2<16; [2, 16, 22, 27, 18, 6]

18<27; [2, 16, 22, 18, 27, 6]
18<22; [2, 16, 18, 22, 27, 6]
18<16; ? [2, 16, 18, 22, 27, 6]
18<2; ? [2, 16, 18, 22, 27, 6]

6<27; [2, 16, 18, 22, 6, 27]
6<22; [2, 16, 18, 6, 22, 27]
6<18; [2, 16, 6, 18, 22, 27]
6<16; [2, 6, 16, 18, 22, 27]

2.Big O Staging
O (n^2)

3.Time Complexity
Average case: O (n^2)
Worst Cae: O (n^2)
Best Case : O (n)

4.Which case is the number 18 for after sorted?
Avarage case

The first 4 steps of Array: [7, 3, 5, 8, 2, 9, 4, 15, 6]

3<7; [3, 7, 5, 8, 2, 9, 4, 15, 6]

5<7; [3, 5, 7, 8, 2, 9, 4, 15, 6]
5<3; ? [3, 5, 7, 8, 2, 9, 4, 15, 6]

8<7; ? [3, 5, 7, 8, 2, 9, 4, 15, 6]
8<5; ? [3, 5, 7, 8, 2, 9, 4, 15, 6]
8<3; ? [3, 5, 7, 8, 2, 9, 4, 15, 6]

2<8; [3, 5, 7, 2, 8, 9, 4, 15, 6]
2<7; [3, 5, 2, 7, 8, 9, 4, 15, 6]
2<5; [3, 2, 5, 7, 8, 9, 4, 15, 6]
2<3; [2, 3, 5, 7, 8, 9, 4, 15, 6]
